130001
130002
130003
130004
130009
130010
130011
130014
130015
130016
130018
130019
130020
130023
130024
130025
130026
130027
130029
130030
130031
130032
130033
130034
130037
130041
130042
130044
130045
130046
130047
130050
130052
130053
130054
130055
130056
130057
130058
130059
130061
130063
130064
130065
130066
130067
130068
130069
130071
130073
130074
130075
130078
130081
130082
130083
130086
130088
130089
130091
130093
130097
130098
130099
130100
130101
130102
130103
130104
130109
130111
130114
130115
130116
130118
130119
130120
130122
130125
130126
130127
130129
130130
130131
130132
130133
130134
130135
130136
130137
130141
130142
130143
130144
130145
130146
130147
130148
130149
130150
130152
130209
130214
130218
130222
130223
130273
132001
132002
132003
132004
132006
132007
132008
132009
132011
132012
132017
132018
132019
134004
134005
134006
134013
134014
134015
134017
134018
134019
134020
134021
134025
134026
134027
134028
136001
136002
136003
136004
136005
136006
136007
138001
138004
138005
138006
138007
138009
138010
138011
138012
138013
138014
138015
138016
138017
138018
138021
138023
138024
138025
138026
138027
138028
138029
138030
138031
138032
138033
138034
138035
138041
138042
138043
138044
138045
138046
138047
138048
138049
138050
138051
138052
138053
138054
138055
138056
138057
138058
138059
138060
138061
138062
138063
138064
138065
138066
138067
138068
138069
138070
138071
138072
138073
138074
138075
138076
138077
138078
138079
138080
138081
138082
138083
138084
138085
138086
140001
140004
140006
140008
140010
140011
140013
140014
140015
140016
140017
140018
140020
140021
140022
140023
140028
140029
140030
140035
140102
141001
141002
141012
142001
142003
142004
142005
142006
142008
142009
142010
142016
142018
142019
142020
143001
143002
143003
143004
143005
143006
143007
143008
143009
143010
143011
143012
143013
144001
144002
144003
144004
144005
144006
144007
144008
144011
144012
144013
144014
144017
144018
144019
144021
144022
144025
144026
144027
144028
144048
144049
144050
144051
144053
144059
144060
144061
144064
144065
144066
144067
144068
144069
145001
145002
145003
145004
145005
145006
145007
145009
145010
145011
145012
145017
145019
145024
145025
145026
145027
145028
146001
146002
146003
146004
146005
146006
146008
146009
146010
146011
146012
146014
146016
146018
146019
146020
146021
146022
146023
146024
146025
146026
146027
146028
146029
146030
146031
146032
146033
146034
146035
146036
146037
146038
146039
146040
146041
146042
147001
147003
147005
147006
147007
147008
147013
147014
147015
147018
147030
148002
149001
149002
149003
149004
149005
149006
149007
149008
149009
149010
149011
149012
149013
150000
150001
150002
150003
150004
150005
150008
150009
150010
150014
150018
150020
150025
150031
150032
150033
150034
150035
150036
150039
150040
150041
150042
150043
150044
151001
152001
152002
153001
153002
153003
153004
153005
153006
153007
153008
153009
153010
153012
153028
153032
155001
155003
155004
155008
155010
155011
155012
155013
155015
155016
155017
155018
160001
160002
160003
160004
160005
160006
160007
160008
160009
160014
160015
160016
160017
160018
160019
160020
160021
160022
160023
160024
160025
160026
160027
160028
160029
160030
160031
160032
160033
160034
160035
160036
160037
160038
160039
160040
160041
160042
160043
160044
160045
160046
160047
160048
160049
160056
160057
160058
160059
160060
160061
160062
160079
160080
160081
160082
160088
160089
160090
160091
160092
160093
160094
160095
160096
160097
160098
160099
160102
160103
160104
160105
161001
161002
161003
161004
161005
161006
161007
161008
161009
161010
161011
161012
161013
161014
161015
161016
161017
161018
161019
161020
161021
161022
161023
161024
161025
161026
161027
161028
161043
190002
195001
195002
