130253
130282
183068
138097
130254
130285
145031
130268
181154
183082
183085
181077
136039
136045
181153
183102
130261
320180
130266
183105
130277
183114
136021
183113
181068
136028
130279
150056
132020
136066
183077
183070
136013
320172
130245
150058
136068
183121
340004
136014
320181
130267
183104
136036
183103
143020
130260
181076
136044
136043
181155
184059
183067
140109
130227
138098
149019
136071
125025
130255
130252
184062
183069
180024
136069
183120
136015
113472
320025
320022
132021
136067
130231
130278
136029
183095
181067
150065
183112
136027
202228
130271
183115
136020
183124
134032
136011
136016
150054
320021
136064
183075
136018
183072
130235
136063
130249
136051
183118
160107
142055
183091
130275
187008
183116
184094
183111
136024
183098
130272
136058
136035
136049
138239
183107
183080
183109
181075
153046
143018
136072
130289
130280
138095
180490
130256
183110
136025
183099
183117
136022
136050
183119
187007
160106
183090
130201
130234
195159
130248
150055
136065
136019
130233
340007
134034
136017
183125
144071
138094
185009
130281
138093
180026
143019
130259
130288
183086
136046
144103
136041
183081
183108
130265
136033
183106
149020
136034
183101
130262