140135
140175
142066
147034
147035
147079
147082
150118
150325
150263
153055
153057
153058
153064
153056
161120
161124
188131
188133
142066
187023
147088
138188
153082
153080
153067
153071
153079
153069
153213
155113
153235
195481
188127
138360
100182
100183
100184
100184
100182
100737
101733
101733
130154
130399
130400
130401
160042
160008
160001
160197
130087
101134
132026
130122
130140
101277
130004
130125
132040
155047
142006
155136
149105
153257
153282
149001
149105
147127
160083
130168
130264
130466
130283
130295
140106
142046
153139
142086
142007
150269
150270
188113
141062
141045
142085
144215
147122
144004
147067
144300
155106
149103
138304
155001
150350
130237
130514
130513
184074
122015
145059
145029
144207
144173
145080
152048
145083
140070
145007
160105
100786
130217
130421
153037
146155
150352
125140
125468
153262
202015
146156
149057
147057
146155
150269
140144
140067
140128
127133
141012
153133
153134
153230
150286
147086
153225
150244
149086
146156
149057
127501
147057
146155
150269
140144
140067
140128
127133
141012
153133
153134
153230
150286
161075
130162
144327
144169
144171
127155